45
29216
24198
17795
29484
19650
14590
26431
10705
18316
5557
28189
12652
606
32153
17829
29813
30367
6658
28961
11039
30085
18917
7167
14895
23440
5962
2424
29711
7512
8448
10095
28702
4489
19599
18588
27723
7212
21614
18921
27874
7976
1654
10012
3749
21512
18071
17079
16159
29438
10698
25884
20277
19240
15686
14069
5118
12307
19959
15059
2517
24702
17452
2581
11692
19040
26512
22796
163
20524
8027
1629
27097
29523
713
14758
27265
2058
19916
21860
22585
22095
3581
16404
4504
19494
7129
18584
24838
9513
13354
10717
465
11071
17859
29115
31613
29868
18288
20252
18267
17226
10797
2913
29789
26901
15254
13057
15656
21997
3231
12659
17515
12952
12421
25679
27503
11527
26629
27056
30448
23002
3275
11740
30252
20262
20781
31783
8249
23669
10265
5908
7067
1038
26956
7102
25622
6519
1477
13430
17089
10553
24698
24238
3164
3555
8009
18454
6627
22097
2097
1796
12131
24878
16066
12825
17677
20920
30162
6946
26249
16835
26994
12604
7309
21761
13601
20028
5293
4480
23103
29517
31605
8564
2756
14555
15541
25143
3121
30128
7708
25742
18119
24925
26632
16942
21751
13788
4253
27775
10011
5235
7445
22687
3939
12763
11606
11434
18962
3490
26058
21049
21994
14542
11115
4648
12516
28611
26141
7581
19749
2919
15681
10309
21038
3459
647
30689
32339
19565
16131
3330
15470
484
5764
18704
16852
16699
29985
13713
18568
6330
15124
20648
14767
25153
23244
732
23620
1838
7485
8731
23565
15233
123
9727
15566
29758
25735
29008
3516
7443
31336
21705
28980
20795
10622
12063
19629
7074
24340
20031
13548
586
31796
30167
27255
24813
21951
12057
31307
22244
31421
17852
22225
19527
13553
5699
32015
21078
30640
4481
31259
25367
12532
6493
25814
17473
12461
6867
8150
4441
6743
2363
30628
12571
5329
7886
28968
14875
11373
1638
23649
2732
6980
21125
32602
6145
27596
26009
27993
14482
10668
12158
24153
28097
5326
25669
6842
28862
2742
4148
20280
1704
6675
11533
23834
24565
29844
7316
31403
1811
13053
11339
14318
8783
8058
1664
15246
3319
31283
13449
19476
3003
27680
5711
31068
8281
7199
29449
31306
16506
6724
1866
4793
29654
5488
13374
5556
7583
3877
13360
22505
29981
408
30800
9818
29078
11272
5044
5462
11632
31055
22428
15272
1177
13495
1274
11790
29223
270
14130
20205
28988
17917
27678
17986
25901
1941
19797
13788
19683
23595
7853
32201
17793
29798
30206
9486
8262
27030
8233
15003
4022
17991
22361
17021
12276
32023
11913
854
28275
16836
22087
18442
5325
30857
7863
27068
31475
12203
23258
13817
9351
22351
2320
1330
19846
11150
25820
5488
10794
1227
17896
32067
24079
580
28745
19195
28308
17128
14851
9243
13444
8297
10704
30987
4342
8337
29469
8461
26993
4313
29526
29298
12116
56
5219
11022
30325
2873
14451
15593
24329
11856
4856
21303
22212
4718
4850
9099
30017
2003
17009
24391
30627
8996
16213
22871
8061
12477
12633
13343
30959
29256
24912
11185
19474
23182
21934
20548
15766
15246
6217
17634
25258
6860
2401
22112
19484
8172
25566
32403
19650
20863
22234
10177
32536
5149
22623
17494
20010
8116
5490
3800
1461
24351
9040
1565
11657
28155
22007
31164
13361
10422
24552
15041
11478
744
7980
17573
9313
6119
15253
29309
20960
10646
31302
5233
9771
381
27253
31088
32455
26655
20336
16674
10
9863
27614
2590
23168
17957
4680
20574
32654
728
7896
4079
2389
9036
15968
32749
23001
11142
9885
31151
13667
7613
9150
24639
23588
15724
7968
7181
26394
2213
860
32484
27704
23464
8579
9244
11713
29364
31656
8466
22773
15901
6303
6613
6127
15519
17669
3618
31438
20466
25984
29331
31763
16286
15944
27155
9290
24081
21479
13205
4333
1007
18749
8198
25221
21929
24262
9343
22034
1873
30496
23744
3501
4781
17607
4570
19564
5002
1316
6443
10630
15954
27846
8079
32439
9441
10479
13525
5606
15765
6738
11120
23046
24740
11547
8303
3898
12211
29232
16304
22076
7076
23990
6224
32511
31919
20184
5477
28307
28852
17603
28400
7242
29647
25845
9997
27161
26414
14008
26477
23616
31263
14313
21254
29741
10605
12030
8201
12958
18669
24136
3605
1287
19284
31860
3242
8755
15435
5720
9696
6701
8390
15853
345
7521
12689
10903
4980
16127
9259
11949
19651
13984
30168
9781
24000
25900
27890
17135
25275
8443
17536
22934
3095
3386
13834
5218
5814
145
21931
11985
10418
16130
29799
7847
26190
2837
31935
20019
21292
21042
32131
19413
21440
30798
22248
4797
25348
1738
15834
20725
20589
17047
2451
20130
6686
28063
32621
23175
14173
14176
4340
24522
26435
8410
16448
2299
22455
22444
7810
5202
14493
19578
6364
15672
3914
2193
1910
24329
24123
1742
13006
13593
29959
5052
17231
23541
31891
30972
20262
30699
4997
30698
31313
9420
3835
22397
23800
4848
13180
2415
9217
30075
31279
10910
8159
9695
13898
25267
13738
8354
11982
26369
26229
16226
114
9392
24796
21526
23516
22042
20700
2454
29719
1909
25064
11614
12610
20147
10040
18062
31621
15014
24165
7734
12874
15720
16435
7377
9129
5626
21421
8463
6179
32043
30584
13272
18068
6587
5473
15757
17507
32705
13368
8337
17916
16202
23521
23816
17280
17987
32680
8670
21946
6553
25301
28427
24406
10654
11136
11542
22093
17839
6055
24024
16804
29460
2174
19075
16214
11047
22534
21219
9871
17592
11489
16867
6682
3249
16485
19282
7965
20982
19183
5863
3076
26767
2682
31875
25531
26633
6000
21943
28960
10521
31679
2182
14008
18051
16432
12140
1696
9530
25589
671
22215
18377
29312
26260
9563
28913
11164
17349
385
22932
29110
2994
3145
32210
29307
3877
1505
17777
15785
2491
15113
2946
15902
1696
26310
18753
18742
666
23643
26686
14419
28489
3445
32698
16573
31661
16550
340
32173
17896
3092
6373
24740
23109
26739
17320
31745
9082
28720
25246
23507
12330
7919
19504
24812
29102
9528
8471
21047
22549
9325
26745
6219
28521
26368
14164
22335
25140
26850
26400
23232
1347
17471
8112
2146
20650
22120
14426
19508
27145
12561
13399
13207
9229
11196
24172
10832
5945
10613
18378
3547
14310
26304
11828
2818
3464
25552
3423
31151
28468
16121
24478
11007
26975
4968
20927
23959
12521
12306
28207
19515
18266
15082
869
2717
13419
5207
18814
9330
30920
3813
2853
13003
7700
20283
21942
23459
2093
26701
29859
28596
27570
2002
15382
6800
3523
18169
26328
22764
12552
29527
2929
10559
21493
25636
27793
10892
9292
12200
10414
7547
19427
21744
3311
31663
31399
11717
3913
6484
20961
15583
13288
1271
5304
11349
25040
6555
16887
4184
27332
30473
31505
16929
19046
21607
23651
26408
24737
24844
10936
30871
11076
10131
31250
24318
17135
10030
12712
30280
7987
5949
4395
3566
26101
2336
6989
14698
18963
23625
2436
1263
15691
14485
11531
25175
31064
732
24875
25181
9309
32711
29368
3596
5255
6369
8414
29815
30446
30705
6942
16555
23997
27784
8339
27618
31123
20438
9338
24569
553
23233
7153
7716
4660
8761
22783
15841
31373
11717
5845
22570
20623
23650
6995
13039
15296
2958
4558
16579
18100
13472
785
18646
14127
29786
3745
19235
12682
12481
18758
29930
11096
20780
25798
14689
29001
15516
1268
25255
17486
4683
26089
12025
20989
20616
14226
20008
3128
24001
21099
21322
9225
10210
10633
28336
11217
19934
7646
1049
9378
1930
5817
28965
31465
16306
908
6157
13904
5223
10994
656
24802
12694
27376
12593
26992
14815
20091
27295
1332
12707
7227
8053
21685
8287
17039
13859
20458
23609
17617
21292
15778
13273
3547
29075
14884
27258
19402
24463
4370
14913
14594
29574
28307
20685
30322
3385
11184
31247
23321
14141
14847
27996
23752
31914
29311
28864
30250
18199
19396
18070
11779
22725
15188
6485
9141
14106
18000
22957
17672
6481
1367
17107
4394
12145
8103
31001
3317
21883
389
30401
19569
1768
20960
15123
13722
9810
27441
28589
24675
28018
23461
30747
14330
6474
12414
8103
16718
9891
4278
22898
10959
12986
27366
18116
2420
21559
14951
30625
26371
94
10167
6557
1421
20617
2078
2289
31799
15318
145
30669
4417
6429
20438
8176
30016
32037
1001
12919
17326
18711
7839
31218
27813
32050
28041
25277
27624
9153
6427
23950
28963
26698
12045
20554
23924
12041
11266
2333
14889
16540
18536
26569
3276
24064
3231
12606
11357
20668
28765
16748
31710
19292
2385
3925
11797
11809
3334
14182
30349
1015
10763
7
19422
19367
31825
3185
7982
24910
8404
12735
11512
7182
11389
8776
19212
29699
2631
25389
22487
17529
1186
16430
12005
32348
32277
12738
18084
24303
7462
26982
23403
32449
28542
30773
19386
19678
18505
17337
2500
19010
24028
15617
17962
6547
27290
3571
14346
14095
21784
12516
9784
27843
9087
9830
5579
22269
15922
15713
16860
3333
17841
8550
16522
16904
32702
9023
31041
29269
8126
28619
20541
28876
28257
10505
11081
26770
5253
5490
13261
9994
3416
22924
31239
16897
957
28604
23961
28201
7922
21083
24388
6601
623
3085
16371
8114
1297
8782
4347
9845
25463
3662
6561
32723
29101
14335
13789
7285
4103
10092
4701
26590
26448
24652
27085
8349
12324
7127
10070
199
2459
21720
4708
19108
9000
23044
26541
3497
15808
23178
879
14246
18494
8427
248
17985
6918
28684
29548
11427
5864
13962
7107
16753
11080
3149
16401
18686
1916
11872
2058
28607
31606
27903
709
18687
19363
16370
14784
9683
31762
29978
29989
22609
22233
11594
5451
14077
12725
7000
9600
29828
14064
14707
3078
8109
13704
26806
31579
24460
15501
12030
2237
16377
1483
1785
3054
8768
29609
30336
11317
9754
9809
24359
16037
7900
27665
15634
22945
26863
4353
18442
16800
13184
20967
10959
4910
4728
30295
17584
20020
27823
22047
10586
9848
6748
19938
21230
15719
18385
26370
14934
10515
28773
14019
18904
27768
1457
14510
24043
17667
5887
10292
18506
29013
3327
7572
2376
21828
19900
29183
13155
7970
23759
12025
11547
21058
19410
3330
17669
23225
3864
17782
19483
3682
2715
15282
10838
16165
27446
16760
8575
17016
8213
31381
12866
4645
2153
9152
22404
27214
10592
16582
3062
2223
84
30180
19946
28964
17731
4212
5478
23403
12671
717
28791
11818
7846
22372
14792
11060
4565
24375
7539
12552
1817
8043
24599
13723
4390
16947
7211
24151
8524
3829
27026
22883
2982
11688
9071
23589
7061
14721
16442
27397
19564
26318
28692
20084
31341
16418
30039
22829
8181
16050
27506
25531
29427
16895
28660
8508
30366
10933
25062
12644
21864
7379
11102
5061
5933
11533
18769
24653
1969
32111
1449
26896
24905
3394
6039
10567
4056
16435
7723
9625
8189
24754
10530
8602
11915
8601
17407
20114
27706
25358
14173
22399
2460
16042
29827
28253
8018
7899
24377
16036
26239
25990
27098
26899
21885
26097
14251
27820
29903
13793
14699
8448
87
6655
30763
9644
10441
4480
608
27428
2400
17669
12087
14511
9680
23744
11304
21427
1147
473
2254
11315
14567
3856
13558
12950
29296
13475
9462
15018
25402
4978
4160
4072
4970
4961
32310
7930
29846
30974
5440
22650
18809
32356
24604
12541
13804
29535
32118
25168
2834
10448
28089
20993
9170
11091
29476
16673
25994
4384
14368
10569
14593
24367
12241
27355
3998
18848
25835
12426
18648
21337
10951
11293
3054
4337
25782
4207
27096
4813
22421
27835
23421
14984
14753
19734
28710
32664
29837
17469
16435
26415
19922
17041
30733
13152
26951
24160
3931
3459
23025
29030
121
12250
13596
12180
5157
21109
23466
6928
5500
24402
28076
31100
550
12745
7215
11899
2765
25895
19800
8049
30675
30362
18100
1163
17988
15949
20937
19200
4361
979
3825
27798
6751
12745
27240
24679
2440
27831
26531
2277
12480
4408
14051
17180
28531
23899
18699
31543
1197
18760
21934
27206
26066
21287
1901
24894
28047
16957
17024
17729
30480
9560
14738
8480
14708
4206
17618
28703
30590
23937
12103
1528
22413
29893
28259
14370
30670
24581
30684
11346
4784
11587
10679
28739
18328
25759
30886
16051
23511
5498
22675
5550
2009
16090
4989
526
9374
5904
643
17475
19822
30361
23870
12880
18889
27203
4948
31510
21406
12432
25674
11989
3517
9823
10650
12528
16013
26313
1798
30448
8962
8778
29995
14540
28106
28961
23129
30312
18119
9465
9634
30299
24258
24008
8241
8693
27486
26104
26846
25217
8010
6597
19967
25543
29371
24038
31104
24533
20506
26991
9014
22527
30969
26358
15728
24357
14156
12532
20431
22836
11990
11631
29784
21487
25313
3286
10952
23792
17458
28717
30247
30953
23356
14953
30880
8240
25236
4382
400
25723
26021
20567
16861
9192
14245
30149
6793
27968
22216
18205
14727
31100
4019
14267
30925
24200
30003
20875
13226
24392
47
9513
1626
31961
27611
1351
11224
11545
8751
4432
28147
23145
19608
21322
23460
4273
23789
29953
14751
31653
8868
20578
24872
6727
16454
24357
296
19373
5408
19887
30080
6405
28476
13622
10397
24790
6543
16678
13132
18313
6772
17347
11984
4391
13913
32272
27955
18532
2744
7920
3033
22237
21834
15756
5211
29342
15223
21236
8082
1255
9744
30473
12017
28208
1344
25754
12312
19306
4288
2253
24231
8328
22603
8641
30800
3134
14418
12401
30513
26888
1776
16860
18016
32623
3360
21347
9415
11656
8238
22130
10802
10173
28523
5986
8870
14031
23077
2974
13301
5916
25046
19205
399
23838
3228
14480
17051
821
19433
7733
32326
1190
15228
16395
25179
10723
19600
10926
26645
27149
12627
16613
15153
1463
7321
19586
5958
16109
10706
5770
3929
21108
313
19094
29612
5716
3151
10617
18904
24980
20104
20259
2843
8517
13892
4038
7411
16066
31232
12343
14316
15157
21966
32150
12470
9309
15618
2097
22394
18063
21551
1446
24942
16379
18258
7752
4264
22833
20556
10692
3632
18148
406
7941
10840
14573
10544
15188
30544
23186
24538
9412
29173
10249
6279
3021
11498
15672
17423
4151
12778
447
23844
27961
3420
22072
28807
12515
14376
9917
30075
697
21450
1707
2683
15777
27813
14758
27176
24831
13977
19934
11397
7454
30679
11152
10342
32466
5620
15823
2342
32347
31037
6276
27801
30093
14923
16308
7489
16686
19927
29697
15557
4512
8911
10356
29342
11967
26280
1401
29460
13069
25591
7467
29289
525
12091
13522
22612
32236
5629
18346
18353
16486
1052
9959
20086
23272
21346
23285
20969
25074
14682
10756
2832
18368
18278
26564
10089
18985
12556
29293
25052
30663
19601
259
10222
4184
457
9944
7991
17508
6957
12370
7958
6177
11566
15598
29347
28051
1993
14981
30437
31223
26204
9679
26950
10850
20920
13349
31299
15270
26743
19083
30824
2421
400
26093
10108
22729
23848
22697
6137
8578
22443
334
4799
6993
21276
24227
27912
4566
19113
9452
22687
17413
17539
14440
1101
21198
5612
12574
8340
765
11666
19418
7328
22111
22555
27762
12155
16422
13057
5453
384
30862
16800
30758
2578
13249
22669
1038
30094
16376
21290
5296
10109
20196
18295
9945
11535
28236
11307
13880
13253
29687
9476
10338
22637
24780
26971
26904
25171
32568
30971
7117
16054
16592
4915
1635
20601
7992
9258
6454
26651
1091
7283
14427
30697
32091
26337
10794
22642
15908
28829
20217
12604
13916
30581
1579
22965
16134
4727
25706
18028
8903
10431
7984
22145
1424
19085
20876
5467
28541
8347
32291
17560
32509
26029
29301
16970
1588
7785
28513
8032
6045
873
15083
31330
17908
20879
32574
29282
6995
29848
6893
17967
2971
16372
18046
29643
26133
10709
13097
27679
2649
15495
1757
12014
25711
12799
22916
25352
29749
28086
6024
16064
25600
18616
28054
21663
29318
25591
8610
6234
13308
29926
32043
12290
28283
16451
11456
25979
5544
14132
14531
19503
10644
27286
31597
28419
31969
18578
14354
6795
9767
22641
14246
6009
8341
26801
3713
26972
24540
25432
28511
25991
23368
15496
12203
13902
21552
12116
24829
7801
23441
15570
9185
4338
23286
8561
6106
28865
9371
13453
3238
3386
20177
26177
22724
11893
24228
20349
31028
17919
1468
2136
24190
6095
30593
14503
2805
28540
6531
5838
26173
13741
4888
18646
27147
31184
71
23488
3116
17423
19428
17689
2505
17279
29949
8911
30697
11419
17269
11587
15671
23538
12271
3999
22790
4380
749
6762
7058
22002
28473
1114
13192
26111
11141
11625
13513
10801
20302
6186
31851
7380
30470
3422
5633
10689
29553
7619
1565
24275
2128
30252
7699
155
32317
14806
15615
22357
3030
22266
8713
18458
23069
2463
13287
3671
10271
178
24996
10621
20948
22872
160
21242
15943
25731
19417
4201
30966
27332
26728
13829
31356
25184
4943
28004
25709
19365
23665
5218
13442
10110
4834
2139
13046
15430
18017
12701
8239
7386
547
25372
26017
9714
9427
25192
19952
26033
31190
11229
2132
8570
30675
18201
31554
28166
18547
16308
10825
3507
32101
5675
13114
2335
5798
15644
9867
13814
15871
30393
16125
8200
23503
9847
15485
2207
26890
27398
26184
28687
8834
5254
30803
23950
357
19192
32746
22854
7431
30962
27543
19625
23010
20119
21061
15621
2524
28871
13733
5208
25032
10387
17361
27749
26670
9972
23600
4103
16719
12476
23449
9926
31844
18124
29627
16040
17959
7816
4540
10313
9364
32392
6176
22830
8177
21392
28653
18519
32012
4547
13580
30995
27844
13843
499
10265
21706
31740
7809
20179
5545
7026
5673
28925
29188
8984
31059
26735
31519
17074
19967
9015
9890
6621
29612
2027
29081
24318
32376
29758
13502
29304
19848
2512
3579
12834
24746
15691
811
8440
12601
23467
16929
14096
4674
31197
8683
28112
23524
652
18775
23647
26109
22072
7863
30809
5635
12680
25826
20167
1071
19937
10619
18766
31713
28727
26742
21414
23360
23075
2263
30030
5664
20790
5821
13182
24618
12430
24224
20318
16950
14502
19927
13429
7932
4466
15453
11108
27372
12972
980
9428
7002
9833
1994
12461
4318
23023
4924
30088
251
28874
12120
15464
8958
19997
22407
25764
9257
18487
11947
21544
10001
14950
6565
14302
21061
26896
25371
10342
12848
27647
19576
1805
29249
4861
12340
9981
12617
30881
6485
5809
29988
14184
29750
7596
411
29959
15495
17003
5769
14336
19605
27800
22845
15220
12747
30592
27936
13624
10873
18631
32663
16939
12501
16218
19243
27846
14144
3750
21992
500
31178
23048
28418
10276
2295
9348
12223
27805
29124
26809
912
15122
9957
27924
31617
29559
3921
10309
28884
4627
24064
18927
15081
7637
5875
15268
31842
20715
25974
11792
19332
12177
10146
1652
14815
295
21285
16471
32561
24455
5958
6008
19336
20629
24611
3590
1191
7704
7997
8979
29355
24520
32055
19783
8174
27559
22747
3537
28716
8341
14174
12195
13028
16159
2533
1759
13569
17561
27719
17548
5562
31852
16661
12942
25271
15280
20184
27605
16245
31486
17049
25812
7147
17023
15271
22581
15982
7241
17556
27595
9426
236
23937
8648
210
29255
31643
27184
21425
14497
8678
26765
27938
30197
30522
16869
20838
908
32139
1769
19124
19921
20077
3695
10717
8802
214
21538
31280
9315
7206
12152
11419
23319
15462
30437
32276
3761
19405
25423
7479
26471
30089
18369
21297
713
13756
29027
13276
29521
10948
17322
6443
24123
3007
25804
28105
11158
26702
3703
2813
31900
5530
22210
11729
23615
27797
1380
18291
24068
15747
18723
11483
7956
7352
24976
27054
23953
27811
4338
14947
6694
18699
27264
29092
30690
14233
20691
19703
20038
16791
14490
31901
8604
23287
912
25274
30091
14999
1963
19895
11753
1987
5782
12773
29136
252
6498
9827
17652
32759
5241
10561
19251
32489
10195
28389
27246
770
24428
16558
16024
4151
26613
11992
5132
2629
31689
6560
23588
9971
7204
21928
20487
21911
27279
28572
13762
16347
13983
21270
31643
18369
5087
22719
7585
9957
3083
32696
2440
4867
16767
22072
29876
3000
5614
21878
22676
13709
10583
13513
2353
26161
17717
30733
6663
17926
2039
15690
1299
10975
25775
3472
18477
4105
19214
13605
27800
20360
2960
26339
11480
162
19444
11995
11459
8098
8175
30782
30683
25302
6689
10878
14811
24794
26952
8624
26000
27672
21940
1589
15850
18320
13051
18329
30035
6357
6637
16059
22335
15192
32458
15150
12293
22761
30643
32736
26349
27515
18271
29433
32394
3112
15
1286
28490
13173
21188
4951
4171
20182
24239
18853
624
20341
5353
18169
20917
5679
1124
2504
16575
24799
8738
26467
29368
7392
24996
4751
26457
17101
12710
30063
32072
8075
12553
25259
28325
11914
12305
25035
31711
26951
20944
6884
14541
12310
25058
9591
12282
12318
12891
16022
20544
27301
5630
10824
22680
16782
19120
17455
13872
11551
26668
872
2238
32520
9975
30131
16661
22177
5015
30164
3573
10868
512
8505
2856
2811
21839
20700
26314
683
28602
6507
28905
14129
24263
5799
18766
12283
6077
1546
8089
26106
22616
29868
14740
166
32705
1127
13249
25667
29629
3129
12341
30051
26149
6123
26537
13741
3734
2800
20687
7644
11369
27280
20962
22795
25830
4934
12417
17711
20916
23910
13245
23781
21396
29954
11377
28270
32080
26895
22482
17399
10989
13764
20550
8478
6440
20035
122
14771
4385
27003
19630
1467
31825
5709
26196
5819
29889
23277
32218
21043
9598
25484
18116
13672
3912
1076
509
1638
1418
4595
623
5702
30607
22331
24529
30893
23026
10121
19392
21653
17494
22085
15634
12880
5976
5353
25959
27337
16066
31846
9472
7182
25601
17860
28885
18187
9434
30216
24289
31384
8792
346
19649
12215
31753
10599
21629
15126
2922
6917
934
30684
29599
3861
2209
4002
22887
29358
19010
958
22352
23160
7581
23496
551
17749
3608
7511
4531
29255
27589
28940
419
19854
5103
6354
16068
14608
10227
7011
13431
13310
9809
18703
20067
9653
6659
32185
16999
20450
21518
17442
14034
11242
25430
15978
6359
14217
16054
30675
14139
29881
21840
969
30033
8405
31010
3615
10792
26366
22491
16540
3
4542
30188
8630
26633
32747
24545
20637
30270
24782
1522
17019
14770
31621
30165
25850
25849
1446
26327
18952
23258
19749
19499
16599
29515
14712
24962
39
3230
26616
26076
17863
15605
26507
30877
3929
14331
22400
19683
20567
15574
28090
10007
18771
8279
10257
22722
25731
18292
11509
11938
15228
9721
8020
1278
10814
5498
27070
30262
4977
6284
17608
22430
14830
24117
31918
30860
21377
6560
14908
22448
14573
533
21230
17060
22321
3881
25686
5060
17930
17714
16062
576
10169
9726
25359
14448
13830
6597
6129
9319
8325
25691
23092
14026
8216
31402
11375
995
25525
19552
2534
31473
14954
21989
177
10178
7838
3728
14107
12932
1689
1818
24649
4569
7751
19539
25628
9001
20024
25107
15959
7484
13292
27252
22789
4360
28494
19774
26133
27847
27006
29603
31816
13645
30931
27693
31565
27033
1569
2804
31530
17578
5943
23060
19165
20884
25260
28254
16963
1490
20700
29774
27450
21982
3629
2365
17922
30719
4759
13528
11498
18786
16995
5841
6952
2413
3122
7381
23304
24400
10306
21693
24393
24029
23789
12040
19395
31129
27762
17801
29006
9491
4088
31325
16608
1908
9168
800
31221
344
26875
13408
6196
29660
32748
8530
17487
32248
142
25540
19499
9232
21385
8275
26177
5573
12482
6878
17476
1553
26400
28475
14595
18835
20886
16936
30098
12071
7518
32388
8612
18106
17794
29375
21308
2653
26529
25231
10629
7575
22000
24804
3837
5888
2687
1567
26329
2059
24510
22142
10662
14116
12863
27867
13612
16379
20413
15767
21399
3615
22366
1489
15833
26062
28469
15067
7498
28428
29451
3566
20625
30450
95
22556
30664
23369
939
647
3035
21591
10985
16081
1329
4345
24918
9171
21903
22770
14454
658
14649
10627
25176
1902
9050
60
8475
31645
18853
18449
20401
15064
4925
7344
26595
12628
28370
22546
10645
30196
21517
7760
18252
21693
29743
23481
15341
23946
24053
26913
11720
19201
6334
19067
724
21957
31471
15275
2620
18413
16279
32661
24347
25782
8015
9594
26756
30836
28773
14468
6854
9423
4665
3487
24046
15659
10214
9099
15757
18280
26149
18735
17851
29900
30831
32305
12635
10045
16738
16835
19873
22196
31334
17344
14034
27374
30352
11255
21067
23909
3271
27591
10693
14206
27941
19948
3031
16644
26015
14488
5564
29397
23017
21957
2647
475
29332
5578
6772
5694
18298
16429
593
728
2395
1721
8285
4330
28360
20176
26943
13325
26688
9474
23834
14955
24474
3806
25104
19758
1698
12039
10245
21817
30983
28555
31141
6166
13685
9841
7848
8496
12798
26769
13140
19267
4030
32425
6468
32272
12735
12460
25961
29781
15130
23389
28494
7676
14431
1053
26016
29331
30775
24321
3053
18428
22344
31528
1452
358
857
2380
21118
10876
31159
28822
24499
21211
17623
9655
21264
15818
15676
30772
29391
14885
20891
18945
20200
13979
6718
25938
3983
26138
15270
25774
3326
2182
23668
24901
5236
11185
12938
23427
32382
30856
27501
4581
31349
24714
29677
14860
13128
16255
25353
20496
12667
17766
3085
28694
7792
15535
31741
28197
19686
170
26166
8245
10943
14400
17491
3721
6
10465
11598
32319
7984
13757
10215
2598
27298
24375
31818
15823
21364
22166
18668
26343
13685
31230
24246
4291
13423
19616
10341
24125
32428
16173
8497
13759
6328
23696
7852
29597
5737
11996
29166
5800
25885
28803
9199
6912
2883
24010
20788
30505
285
14969
26798
28513
1731
24535
20959
13105
7020
26325
15934
31043
31209
17034
10717
3443
15986
24287
20297
1320
6565
6028
4785
3557
13516
6979
10315
2587
11103
3882
31220
28738
15818
1679
4119
8231
8559
8920
463
8840
4591
28600
12368
1758
1957
20393
20867
21370
14196
3222
3568
15315
16323
24791
13793
4383
9925
3171
20932
8480
3582
19009
4562
30529
16131
14912
24814
13281
30081
4840
7888
28143
2688
12208
17762
21175
25833
20338
32106
30715
21318
5915
26218
5190
13002
11431
5572
4477
1937
32333
4386
11703
27176
2550
18453
7758
28240
14580
20733
26935
26367
9201
27944
26766
11176
21285
6206
11381
17084
20173
9948
12063
5489
5080
14463
3880
4290
16611
164
17448
22455
3943
11053
391
27366
27953
24583
15251
26938
18963
10762
719
19955
28122
17696
10638
20462
27263
6058
26561
17959
32418
23327
28942
13692
31795
14326
12578
27572
1907
22727
8775
19391
16923
14509
29241
12095
14042
12526
26933
328
6405
2526
18260
30308
11403
4864
3095
1499
27175
1647
23619
2097
13273
15228
31215
7919
11670
27801
731
18855
3647
5238
26883
19506
31952
9833
22900
19004
19930
9747
1375
15363
13619
25153
364
8283
16363
22288
12112
4086
10883
31573
26018
5602
26458
32059
18922
29011
26984
12846
4348
9379
1838
15864
6532
30103
2541
13610
5345
17124
15639
16062
12855
21233
4611
30970
32703
32735
11236
9624
30306
25799
26620
24867
25479
28738
13837
27044
9513
47
21777
14462
27692
27312
18474
29591
30961
6262
6108
31160
1576
5183
13178
3639
21989
13212
1758
26579
5366
15608
6237
9951
2165
11990
17147
30371
14745
3162
24794
24063
5073
21259
31225
849
10516
32215
19227
26521
4210
14680
14596
23771
4848
11605
1003
15301
6802
32652
20269
7314
6073
29614
20799
5934
20655
19628
16358
20123
20353
21297
19626
19347
25101
9583
17800
27247
24667
13343
11751
24647
11569
4291
25549
7003
9441
28975
9555
689
28262
3143
2646
22784
25263
13322
18032
18125
32315
20688
18214
20436
4326
8655
611
14249
8195
26340
2342
6559
11946
22417
12919
14313
24659
2882
29343
17919
10660
14036
12952
12868
904
25431
15299
13029
21633
531
3033
6660
1087
458
9508
13590
28017
18749
12015
15241
8667
15089
31291
4266
13481
9779
16051
23751
32515
18778
9186
16784
4833
18764
27300
11715
20513
16964
19162
5129
20439
21970
22882
2331
6628
23075
2631
3368
22730
3714
9012
1147
32702
31007
12847
9049
5887
21007
23683
20776
8807
8085
6654
18135
22079
26528
12381
27769
3672
6804
773
14899
15191
6989
2804
8281
14929
2146
2806
15060
19096
10918
21532
21447
5588
11509
11882
31090
32341
301
14800
11094
10151
5754
23388
25241
28007
17623
2733
31149
15446
4561
5035
14125
428
12942
8309
7
9391
28431
8091
29920
16003
19122
23182
32436
1092
5627
20564
3773
5970
19859
10368
5527
12268
27281
21090
30113
22017
2041
9339
29862
7234
386
4147
28861
4476
28573
15823
23661
23589
9394
9373
17941
13365
4013
29553
28299
12087
10169
23893
13060
4767
17739
7805
20020
8286
3171
19833
13494
4532
19471
19630
4269
13381
30512
28679
8364
23920
6784
10984
32211
10204
29652
23140
3387
12115
3743
32687
8341
16084
2488
32470
2573
9443
27229
13741
10101
8740
8311
32521
10399
9768
8223
30256
5386
20103
13410
3726
21697
23599
28481
21418
16513
4859
23292
25944
32026
14216
20625
1071
9751
8004
6015
16957
2977
1735
13007
11258
1953
8807
32597
32123
11813
7430
1844
14312
23813
31023
11936
11056
28358
2146
7656
18427
5310
27819
3251
19937
7289
22649
21129
10713
9308
174
24726
6388
904
29939
2219
25419
26882
21070
13702
17205
30224
1014
30803
19646
22502
1638
3955
26965
9345
24752
19067
15301
32468
18452
28544
103
17954
8657
1426
15765
21675
22331
10374
22625
4490
12302
18937
24967
23006
9986
913
11937
1320
27807
24198
5018
2292
3155
13409
20581
32700
26562
3332
1775
5897
31837
7659
19794
10459
10038
20145
12363
1099
23314
26326
14830
10607
31936
18623
20632
31870
22954
24062
550
13364
27818
6356
3940
1912
25887
12020
19400
24125
9279
29066
9569
2470
9391
26236
26890
18285
81
1776
5859
5253
2141
18190
23298
4862
9139
19207
32357
1834
26479
27990
25643
12286
7614
31302
26372
32442
12017
17588
10983
29133
8400
30742
14083
5874
8241
19388
27639
30880
18633
31574
10821
31393
8001
10423
15620
27136
29068
2776
23766
17449
4473
3616
24346
31052
7556
18914
25955
11778
19442
28456
8488
16435
27677
5295
32701
4919
4620
1074
21121
26427
8262
27883
18266
16359
9192
8024
17758
7742
14070
13883
467
4549
23791
20708
24922
25831
3492
17074
31079
26776
25161
23512
17908
9017
6349
12125
26487
26299
24935
31335
32017
4616
10866
4280
28424
414
24186
29305
15735
29565
18583
28470
10052
25156
4857
31275
15699
7063
5061
5054
13817
5571
23584
27724
5300
18597
15752
9256
31257
3528
14699
19681
12301
19405
3826
4036
17976
28944
23326
7586
21175
392
32535
19412
11025
15343
16577
635
10605
6691
22927
24588
20994
12493
26524
13837
27854
12864
29944
17177
26507
6308
2367
20010
5087
15187
31089
1816
5587
21379
27133
20572
5766
13350
14111
22042
3875
14606
14188
5727
16400
12629
3244
16039
10344
18684
30439
674
4524
13778
24003
20535
949
11159
1037
1226
13549
23394
6549
1978
19135
576
7999
28206
32332
19230
20823
3090
31072
2025
3109
5724
32676
1523
24257
14996
14357
409
16425
20371
10932
32035
6801
907
18047
32491
8442
11079
929
31426
8966
5812
30182
27279
21259
3745
25457
23097
12902
24515
13233
27335
6162
5884
19089
4294
1401
21212
9199
4587
15753
20073
17232
1530
21003
2331
19410
24294
6960
12331
21602
15418
19821
11534
19502
3511
8585
32060
861
18751
17141
14133
11262
14322
30811
24774
26431
7830
14969
31368
13024
17724
11568
25771
19175
8736
11992
241
21396
11218
29143
13821
24471
5779
21618
14286
9857
258
27363
14727
32633
21496
28587
27761
29744
22960
3625
28738
23
20523
15212
6304
20431
31442
4422
11233
5344
30558
24481
32533
16815
23029
26646
4934
16810
21653
30652
6142
454
28086
21310
30474
23851
2603
10545
19838
16941
20042
32420
30201
9087
6732
18936
2090
2467
9719
12274
29075
22693
32634
5902
2957
7689
29080
1302
21133
31490
5384
31476
8869
32485
4380
17093
7502
1500
20386
25646
7268
28639
10248
13043
22130
17376
17859
11205
6192
4934
19952
4956
14154
12701
2108
3014
8803
5260
3842
5119
12890
28679
19124
9665
8396
25285
15484
26013
18394
18165
23587
6475
3884
31533
3377
22591
10805
14243
28502
10876
3001
17311
3592
2477
12941
7984
13166
30834
13215
29983
25213
9208
9526
26913
15457
17356
20346
5712
21790
11249
17974
20956
15223
17712
20445
1534
14351
24495
15819
14638
1998
5061
6606
5526
5510
9485
19685
1222
30422
7097
9031
13225
12367
2089
20903
4792
1238
9405
24503
9837
21577
18919
7147
15355
19814
26756
31871
22076
30440
32364
4539
26347
21490
14663
28022
10259
10161
15267
9177
10695
7230
14404
18789
26644
20673
22459
4663
32052
4828
7227
30347
17412
18247
14247
128
32441
17847
2031
10011
21966
11269
11677
23181
17216
27788
28843
9657
15870
7123
26520
2289
14747
16748
5307
29184
20039
12315
28118
30062
7421
10555
494
11519
17406
20318
12634
24445
30589
11316
11291
21943
4764
19886
10859
202
13463
15970
5016
21919
15935
23858
1811
437
17323
22568
31684
23841
17962
20133
27041
15827
19067
24251
12671
4122
8001
8663
14120
22635
26545
23715
25005
606
16014
26154
30206
8441
1367
2622
32695
1073
13247
27414
15421
18350
15197
9788
15370
16079
21413
16551
11845
25070
16919
7715
2710
8421
29366
2042
3384
16080
29884
1741
14672
6933
12172
5059
21885
2978
25576
25830
5808
11382
19812
22729
27966
18531
30746
17774
10291
16146
7840
11880
25322
3143
9271
9789
28890
21606
32581
24334
15283
6711
10246
11898
18346
486
24446
2239
21008
17742
25266
14114
15914
15734
24087
19858
17469
9564
13643
9096
5864
31218
29443
21553
29366
7015
30021
2511
19444
5031
10711
6237
3776
9765
28407
11121
9571
3288
27724
2919
14561
1667
30749
15804
24526
6714
23745
1208
12130
13346
4694
592
25296
32632
16566
586
3284
8661
7591
12194
1931
15280
31570
14637
5768
21028
6903
10620
28452
1523
6110
30211
6933
15308
32401
2426
26947
6601
25672
19844
24791
32316
4773
30607
27284
21419
7073
7419
9322
26137
27079
21118
4936
7559
8352
23239
10035
16827
24942
10337
17813
11072
18460
14043
19927
1454
13430
32550
19505
1836
13206
2878
20161
16690
7582
27916
4315
28308
15277
7308
28833
25276
2571
299
25299
32310
27303
10867
22760
19571
23492
31721
19805
11974
1775
20534
27213
14515
15412
22406
32322
8553
11665
13614
13131
28301
32427
8337
15438
15417
31936
3396
27808
17989
4829
7792
28115
5829
20049
27000
1999
32210
1889
19420
12068
13966
573
22622
19871
23906
7219
8035
31004
7050
22819
22171
3226
11220
25907
9188
22421
7332
24259
3948
22416
29500
31908
24854
12273
5178
25732
27936
21521
5474
17837
5122
6036
23710
3056
31129
6390
12355
16091
14212
14951
7318
24883
3791
7385
21135
25758
23758
20823
25565
1439
22348
13464
41
9159
21478
10452
6047
27178
7857
8662
1707
23569
9251
14163
12032
6638
29232
12666
8671
29333
21683
17356
16278
5288
4368
27182
28743
29779
1303
7228
23018
14650
11564
19169
14229
18608
21925
23588
13819
16426
31604
6469
31028
29683
8198
17161
12220
17953
5227
16466
22205
27079
32694
6898
5009
26220
9383
16065
18050
28604
10887
12014
15061
25982
27988
9618
6152
4038
6430
20875
30807
27500
5297
9863
18565
6844
32628
29535
21720
20079
18065
12967
10086
15067
5462
18819
7055
28006
9436
10427
19147
5696
12006
1042
13990
6738
2059
5076
21512
369
9496
5295
23482
5336
4016
31171
1062
16853
3637
1276
2142
5314
748
14752
8288
24631
18011
23844
20121
25726
246
31300
9895
2887
18427
6739
29027
2973
411
10447
21023
2585
21594
13624
20780
2390
9656
1826
28576
16036
27665
14474
10325
7937
22466
19046
565
14405
6029
26495
6069
10908
15423
18819
14240
22073
32655
29782
790
4425
29258
15274
11476
31270
21933
18127
15798
14798
9234
1740
633
19091
3280
21166
1734
5908
26460
7712
16748
1387
25012
32316
21998
17064
28157
28833
3901
25215
13162
6342
30662
10045
1633
26510
12975
1536
11225
24860
31326
15144
27655
29928
26684
777
14393
7186
27064
19170
26626
12791
1678
28179
20887
15107
23625
21386
16761
3526
29446
32639
5460
4681
20348
28001
32295
2978
26169
17936
11686
8134
21550
17996
29405
4511
110
26990
2581
24926
2867
11349
9211
18195
11810
31908
26623
15226
29136
10283
30203
792
23684
24738
11029
28551
32319
10141
11750
19215
32249
14012
1500
8822
3118
14370
16860
24856
24217
25385
29228
29498
6464
20820
31121
25243
18608
8070
31156
8524
20874
12145
24266
30402
31038
7504
20084
17194
27671
15833
32228
3324
25720
14445
13122
3283
22373
4499
30286
11132
19012
14756
13382
9804
13797
29640
23306
19895
6849
10528
12158
4639
10879
31813
25392
21226
10941
12530
11579
9175
29964
15357
27243
31890
14396
3980
2209
1670
24283
30597
16761
31986
16120
6726
26667
21311
30508
29079
20143
5521
7388
20444
1573
14236
8120
17808
32371
17849
1671
31470
18736
11320
26919
20977
961
2296
19407
25727
11457
15158
16280
13025
26791
9635
27708
5751
31138
22201
26397
19626
28360
2894
31625
11809
20080
16234
18492
26168
16348
16726
22054
16046
30748
31477
3183
21405
28206
25943
9657
17328
6762
23180
2725
12432
17694
14774
13720
9119
10357
4450
959
10985
27037
17433
5968
16984
11560
23345
12051
23847
19123
31721
5922
9112
25542
12982
5869
14570
25084
2263
128
7557
8292
6191
17673
377
17446
4436
12948
6950
2154
26596
16154
22076
373
6424
1210
28391
6933
16539
21318
19779
22080
28572
31489
13590
2552
31266
13479
7614
11121
11935
19118
18024
24950
11209
26572
23171
26377
18597
11961
14965
330
17124
32566
15500
3226
10099
3150
31287
25855
10574
10204
32118
11722
23189
26445
25231
15480
31713
1447
16899
10967
21976
9930
30400
21610
20735
24567
5272
17165
16336
10638
8946
20188
3853
7708
28607
30034
20563
10900
3760
11182
21234
5085
22694
12443
16124
30093
32619
8463
26268
7669
2463
21620
16809
27485
19189
17414
18299
3728
11423
380
6910
22172
23046
234
15620
27091
9663
14822
14560
4117
15034
25578
32560
29266
28093
20985
25338
29514
17169
12677
27899
1431
31868
12433
31035
8942
17263
20243
21221
18594
17279
24476
16982
7529
18713
31546
16756
9315
14450
27806
19009
8536
28862
22138
29616
4674
28578
6445
20663
25099
18667
15266
17829
14487
18048
23413
18358
3077
17557
26712
15076
22322
7714
11958
25089
6527
15764
30102
5379
981
9666
13249
12703
30438
1826
8231
31257
14005
13629
8575
22106
30552
4192
24878
11075
9980
14229
1386
15425
6443
5841
22175
19233
30538
9583
21521
27174
6758
26845
31684
13401
12848
3990
18841
24609
23877
14416
12729
24595
5811
14710
6710
1547
7353
31960
6128
23676
13519
17314
29366
10756
28902
26250
13486
21316
23025
26190
18679
3822
9124
24670
28044
8223
19836
15317
31852
2800
21759
8878
20472
30536
23877
6965
18076
13812
28599
21947
10673
7161
14871
654
31650
10280
28097
17449
29006
9972
9264
4519
6830
18561
27843
7550
32440
23805
26561
5225
11907
11059
4764
18598
5035
5469
10610
7522
32247
58
16857
18034
13369
12385
732
12355
3190
4565
7745
9236
20295
7641
28430
31842
27263
21254
24907
32164
14094
29594
1800
10041
22054
32275
32418
4255
27036
5117
3651
9957
11152
17160
6312
24163
10576
25693
20263
11432
9594
1586
17648
24244
25953
5020
18323
8040
28082
11941
8386
16954
29272
28831
9560
9773
32156
1208
13723
17665
4753
20686
4798
17062
20143
8324
11691
4343
20158
1685
21247
31653
23286
26728
22613
12401
7780
26597
11975
6047
28047
8072
32434
4263
24668
25779
12474
26413
17199
1097
2062
5171
9043
11640
12781
8078
31388
32470
28266
13718
15946
27056
13932
17698
21809
24478
760
14772
14615
32347
6579
9712
18270
11732
674
29267
1251
25727
2869
25633
22821
1518
31364
4255
1194
4004
23256
4227
22174
2087
31853
1961
26046
25687
5494
21767
20596
22269
9058
32483
18499
16039
29022
12099
27750
9652
26651
21670
14260
2219
2769
15089
1479
22225
17796
12460
29533
24826
28806
3182
7678
10911
11581
9878
1760
20785
38
6972
7431
32173
19482
26728
12976
5233
4816
15489
25072
5966
7844
2312
9369
28126
31126
11654
9053
2071
21910
20162
54
3873
18943
11832
8197
6245
2657
5575
14201
3815
31363
11178
7986
18133
17320
17065
13094
28512
20242
31376
16708
22218
18885
17633
19288
13504
5517
8646
8239
28395
19266
10569
4091
3010
12875
13511
16376
18338
20833
15522
24912
32
31893
15927
20285
27038
1173
15888
22637
17180
27435
14938
14250
31825
16646
8601
32698
506
4285
8602
32388
9331
31505
25257
23413
19588
26739
773
29986
29309
29638
26257
16943
2949
29285
11980
14703
24879
15720
28419
1356
1870
8227
28870
1642
25611
4080
7320
27015
32308
4399
23274
21670
1495
28042
331
28524
19216
8062
8153
19146
5919
5910
17147
27612
7101
15354
32082
32273
27825
20649
19948
28813
14238
6915
14011
715
11807
30218
5958
1159
22037
12521
8095
19675
13376
24374
28565
11432
1293
32372
13866
24631
30639
5340
25928
17440
8049
11613
19887
20843
3915
21729
14130
9462
21427
31954
18723
5654
16053
26332
22284
8321
14918
32245
26015
9580
5334
16539
31728
18416
31780
8285
5346
26802
6742
31389
17631
1219
2377
3732
26573
31685
4134
5271
27453
336
24374
23192
2277
15764
15863
2543
1360
24895
24431
31323
18132
12449
20672
13891
22725
18957
13821
5186
12008
11139
18748
2531
15658
15245
20460
7081
14226
22887
31337
3667
3701
14434
25038
15709
31465
2698
6155
15050
12155
16007
32311
7201
293
21697
21799
6326
7290
4040
15423
23850
6948
1010
4744
14389
3472
19014
28163
1187
19688
23192
7485
29853
10562
20726
26404
8746
18455
8771
32025
2294
18166
1058
21318
19793
30329
3094
21298
29818
16761
18919
7314
29214
5246
24903
18531
12060
22905
26293
25141
28043
23478
930
3018
11774
10252
9682
32479
31238
15703
15878
24906
14329
8488
20952
8005
27634
11450
25830
16394
2585
9768
32050
26784
15909
31198
18121
244
19487
10317
6819
12075
28264
15332
27851
7479
21757
23355
26047
15528
10746
19345
11034
31941
16221
30584
7024
9948
18957
19919
378
21718
19995
3313
627
13838
8263
20012
19393
5732
8390
25973
17368
23437
4930
26969
16988
27821
14371
30519
4997
14375
2829
1965
19144
19379
19113
26448
10420
12978
11689
10144
6170
3775
26886
7227
1648
7815
27532
14416
7031
9946
29337
24663
5148
29186
23586
1023
17564
22867
23030
5224
1516
3331
27207
10899
4696
3644
14694
29207
5482
3952
20686
11285
29453
12013
14180
24173
2546
16305
26365
818
30003
5247
15137
19548
4407
306
15631
20413
18389
1618
28928
12087
26556
23269
2224
4395
2834
18567
7963
32052
20827
3517
24964
28950
28829
14983
18876
16881
25025
15156
19873
7611
11325
1402
10213
16620
5360
7110
7697
13435
13389
23249
26569
10250
14268
17780
6993
15454
21053
17085
17232
21009
8271
578
468
12427
784
31413
25751
6446
13989
14009
20097
6865
10204
25588
6765
14704
19728
22630
23344
15905
1614
505
23767
17226
18613
29785
19249
20754
6435
2309
8590
7701
6670
17831
18373
18524
12463
31905
124
6796
1382
23528
3235
12637
25434
24085
10306
5454
15200
20921
17525
7320
19998
27377
8884
10592
16752
4923
13656
6192
9482
27528
26971
29352
10847
13459
15712
14961
5058
4464
18931
24691
7883
22632
7953
15432
28157
26116
6891
6128
13733
9832
7655
9158
12293
18658
16360
26290
7346
20931
27343
32417
20283
32366
32322
17714
4363
12206
24748
11442
23185
20045
8580
26955
10142
